#ORFID	COUNT	TPM	RPKM
0_0	71.00	3917.33	3519.43
100_0	108.50	5142.31	4619.99
100_1	83.00	3873.07	3479.67
101_0	272.00	5038.14	4526.40
101_1	207.50	5689.67	5111.76
101_2	156.00	5563.32	4998.24
102_0	86.50	4645.44	4173.59
103_0	139.00	5437.81	4885.48
103_1	43.00	8484.14	7622.38
104_0	220.00	5010.62	4501.68
105_0	75.00	5919.17	5317.94
106_0	192.00	5567.42	5001.92
107_0	105.00	4081.31	3666.76
108_0	70.00	4249.66	3818.01
109_0	79.00	4701.70	4224.13
10_0	44.00	7260.85	6523.34
10_0_tRNA	24.50	6176.76	5549.37
10_1	207.00	5973.75	5366.98
10_1_tRNA	50.50	12731.69	11438.49
10_2	697.00	5202.31	4673.90
10_3	356.00	5923.15	5321.51
10_4	373.00	5228.37	4697.31
10_5	193.50	5505.38	4946.18
10_6	158.00	5014.05	4504.75
110_0	43.00	5135.14	4613.55
111_0	126.50	4458.72	4005.84
112_0	91.00	4760.35	4276.83
113_0	36.50	8281.90	7440.68
113_1	246.00	4901.67	4403.79
113_2	356.00	5485.70	4928.50
114_0	84.00	4810.02	4321.46
115_0	132.50	4753.27	4270.47
117_0	109.50	4149.60	3728.11
118_0	0.00	0.00	0.00
118_1	0.00	0.00	0.00
118_2	0.00	0.00	0.00
118_3	0.00	0.00	0.00
118_4	0.00	0.00	0.00
118_5	0.00	0.00	0.00
11_0_rRNA	71.00	5805.41	5215.73
12_0	0.00	0.00	0.00
12_0_rRNA	108.00	5312.81	4773.17
13_0	119.00	5307.38	4768.29
14_0	197.00	5578.73	5012.08
14_1	73.00	4064.74	3651.87
15_0	54.00	6854.64	6158.40
15_1	97.50	4022.34	3613.78
16_0	142.00	5381.21	4834.62
17_0	147.50	5453.03	4899.15
18_0	138.50	4998.15	4490.47
19_0	275.50	5198.45	4670.43
19_1	108.50	6862.38	6165.35
19_2	126.00	4929.24	4428.56
19_3	223.00	5382.87	4836.12
1_0_rRNA	98.50	5385.49	4838.47
20_0	109.00	5959.58	5354.25
21_0	36.00	6878.70	6180.01
21_1	138.50	4094.57	3678.67
22_0	22.00	5872.74	5276.23
22_0_rRNA	136.50	3883.64	3489.17
23_0	58.00	6419.65	5767.59
23_0_rRNA	42.00	2275.79	2044.63
24_0_rRNA	96.00	6600.77	5930.31
25_0	102.50	5814.35	5223.77
25_0_rRNA	12.50	953.37	856.53
26_0	0.00	0.00	0.00
26_0_rRNA	87.00	6419.65	5767.59
27_0	27.00	7540.11	6774.24
27_0_rRNA	62.00	5138.95	4616.98
28_0	48.00	6093.02	5474.13
28_0_rRNA	23.50	2101.35	1887.91
29_0	103.00	5039.54	4527.65
2_0	77.50	6197.31	5567.83
2_1	37.50	4076.07	3662.05
30_0	593.50	5307.03	4767.98
31_0	77.50	4199.37	3772.83
32_0	91.00	6742.21	6057.39
32_1	118.50	4855.59	4362.39
33_0	330.00	6075.25	5458.17
33_1	41.00	6955.48	6248.99
34_0	216.00	5213.91	4684.31
34_1	169.00	4320.71	3881.85
34_2	18.00	4804.97	4316.92
35_0	90.50	4734.20	4253.33
35_1	124.50	5765.15	5179.56
36_0	129.50	5099.13	4581.20
36_1	87.00	8268.24	7428.41
37_0	98.00	4436.18	3985.58
38_0	68.50	5949.38	5345.08
39_0	132.50	5052.85	4539.61
3_0	43.00	7728.13	6943.16
3_0_tRNA	49.50	12479.58	11211.99
40_0	84.00	5732.25	5150.00
41_0	103.00	4843.70	4351.71
41_1	54.50	7221.10	6487.63
42_0	113.00	5397.87	4849.59
42_1	25.50	4723.25	4243.50
43_0	180.50	5087.67	4570.90
44_0	537.00	5235.06	4703.32
44_1	146.00	5982.41	5374.76
45_0	42.00	7125.13	6401.41
45_1	57.50	3388.79	3044.58
46_0	283.00	5041.26	4529.21
47_0	202.00	5186.32	4659.53
48_0	110.00	5172.88	4647.46
49_0	85.50	5139.09	4617.10
4_0	290.50	5694.59	5116.17
4_0_tRNA	28.50	7086.78	6366.96
4_1	584.00	5364.80	4819.88
4_10	291.50	5399.33	4850.90
4_11	64.50	5024.94	4514.54
4_12	196.00	6564.23	5897.48
4_1_tRNA	24.00	6050.71	5436.12
4_2	126.50	5114.13	4594.67
4_3	417.50	5758.74	5173.81
4_4	172.50	5280.34	4744.00
4_5	268.50	6092.30	5473.49
4_6	77.00	6988.56	6278.71
4_7	329.50	5251.20	4717.82
4_8	223.50	4996.30	4488.81
4_9	162.00	5455.74	4901.58
50_0	103.00	4560.17	4096.98
51_0	46.50	5054.33	4540.95
51_1	65.00	5267.35	4732.33
52_0	90.50	5039.16	4527.32
53_0	110.00	4600.77	4133.45
54_0	133.50	4996.51	4489.00
55_0	109.00	5376.58	4830.46
56_0	257.50	5571.12	5005.24
57_0	100.00	5619.85	5049.02
58_0	217.00	4486.34	4030.65
59_0	127.00	6820.47	6127.69
59_1	101.00	6970.96	6262.90
59_2	58.00	4763.90	4280.02
59_3	96.50	5687.27	5109.60
59_4	366.00	5106.59	4587.90
5_0	82.50	6188.22	5559.66
5_0_tRNA	0.00	0.00	0.00
60_0	194.50	5381.99	4835.33
61_0	87.50	4827.69	4337.33
62_0	165.50	5117.85	4598.01
63_0	433.50	5561.09	4996.23
63_1	77.50	5604.74	5035.45
63_2	71.00	6348.77	5703.90
64_0	163.00	5745.23	5161.67
65_0	137.50	4846.44	4354.17
66_0	194.00	5111.04	4591.90
66_1	31.00	3143.66	2824.35
67_0	564.50	5476.68	4920.40
67_1	207.50	5715.57	5135.03
67_10	149.50	5460.24	4905.63
67_11	146.50	6533.87	5870.20
67_2	305.00	5005.78	4497.33
67_3	199.00	5383.41	4836.60
67_4	90.00	6668.12	5990.82
67_5	219.00	5575.47	5009.16
67_6	401.50	5426.71	4875.50
67_7	802.50	5661.51	5086.46
67_8	117.50	5018.53	4508.78
67_9	153.50	6332.61	5689.39
68_0	99.50	6040.59	5427.03
69_0	122.50	6578.80	5910.57
69_0_tRNA	48.00	12271.85	11025.36
69_1	110.50	5002.02	4493.95
69_2	115.00	5091.45	4574.29
69_3	219.50	4888.82	4392.25
69_4	90.50	5846.14	5252.33
69_5	371.50	5407.79	4858.50
6_0	0.00	0.00	0.00
6_0_rRNA	131.00	4872.80	4377.86
70_0	97.50	4480.59	4025.48
71_0	68.00	5741.13	5157.99
72_0	79.00	5272.12	4736.62
73_0	244.50	5142.75	4620.38
74_0	104.50	5514.23	4954.13
75_0	115.00	5054.46	4541.07
76_0	53.50	4012.97	3605.36
77_0	111.00	4740.91	4259.36
78_0	94.00	4792.97	4306.14
79_0	79.50	4509.67	4051.61
7_0	55.50	7518.23	6754.58
7_0_rRNA	37.00	2209.30	1984.90
80_0	84.00	4902.82	4404.83
81_0	138.50	5183.65	4657.13
82_0	156.00	5283.08	4746.46
83_0	93.00	5131.15	4609.96
84_0	107.00	5549.36	4985.69
85_0	80.00	5785.53	5197.88
86_0	82.00	5659.59	5084.73
87_0	32.00	6754.28	6068.22
87_1	90.00	4667.69	4193.58
88_0	107.00	6069.61	5453.10
88_1	70.50	5952.21	5347.62
89_0	84.00	4471.49	4017.31
8_0_rRNA	78.50	6361.34	5715.20
90_0	187.00	5295.55	4757.66
90_1	332.00	5493.62	4935.62
90_2	331.50	5174.06	4648.51
90_3	603.00	5368.18	4822.92
91_0	98.50	5640.33	5067.42
92_0	81.00	4727.72	4247.51
93_0	137.50	5414.13	4864.20
94_0	163.00	4637.61	4166.55
94_1	116.00	5630.07	5058.20
94_2	121.50	5897.01	5298.03
95_0	108.00	4852.55	4359.66
96_0	154.00	5073.37	4558.05
97_0	114.50	5741.48	5158.30
97_1	17.00	3055.31	2744.97
98_0	100.50	4877.77	4382.32
99_0	83.50	5572.43	5006.42
99_1	147.50	4859.23	4365.66
9_0	0.00	0.00	0.00
9_0_tRNA	34.00	8571.83	7701.16
